import numpy as np


ammonia_matrix = np.array([[0.298, 0.088804, 0.026463592, 11.26075402, 15.64437],
                   [0.7, 0.49, 0.343, 2.040816327, 28.35437],
                   [1, 1, 1, 1, 36.50437],
                   [1.3, 1.69, 2.197, 0.5917159763, 43.05437]])


nitrogen_matrix = np.array([[0.5, 0.25, 0.125, 4, 10.07417],
                            [0.9, 0.81, 0.729, 1.234567901, 12.58417],
                            [1.4, 1.96, 2.744, 0.5102040816, 15.01417],
                            [1.8, 3.24, 5.832, 0.3086419753, 16.08417]])

hydrogen_matrix = np.array([[1, 1, 1, 1, 11.646917],
                            [1.3, 1.69, 2.197, 0.5917159763, 12.856917],
                            [1.5, 2.25, 3.375, 0.444444, 13.736917],
                            [2, 4, 8, 0.25, 15.716917]])
